0 2418.382812 689.449768
1 5983.526367 3650.609131
2 9982.622070 7044.406250
3 4521.369141 4777.648438
4 4469.584961 4777.648438
5 4755.921387 4777.648438
6 4987.427246 4777.648438
7 4115.487793 1872.144897
8 4204.526367 1530.453857
9 2236.437500 7169.987793
10 4969.150391 4219.708496
11 5156.487305 4219.708496
12 4348.227539 2838.535156
13 4949.929199 3403.505371
14 6796.934570 7355.339844
15 4866.556641 4805.825195
16 4180.142090 3424.847168
17 5130.107910 6368.347168
18 4524.385254 1869.396973
19 3421.655762 3424.986572
20 4587.059082 6246.434082
21 4600.553711 4440.100098
22 4522.876953 4440.100098
23 4417.785645 4440.100098
24 4231.971680 4440.100098
25 4000.466064 4440.100098
26 5.361187 2071.655273
27 4670.599121 753.516846
28 7667.289551 537.253906
29 7286.097168 1248.547607
30 6701.316406 7404.830566
31 3342.471680 3763.594971
32 3398.825195 3763.594971
33 4899.074219 3324.219971
34 9434.927734 6696.968262
35 9294.805664 6696.968262
36 4156.031738 4572.586426
37 5266.163086 4767.884277
38 5319.470215 4767.884277
39 6264.729980 3690.461182
40 4170.638184 3815.958984
41 5051.380371 2208.340088
42 5299.640137 2208.340088
43 5368.178223 2208.340088
44 5334.670410 2208.340088
45 5496.115234 1650.400024
46 4379.724121 4779.043457
47 4178.116211 3910.490234
48 4122.950684 1629.532471
49 4266.987305 4102.538086
50 3811.590820 4102.538086
51 3796.360107 4102.538086
52 3775.037354 4102.538086
53 4204.130371 1803.934937
54 3814.164795 3798.857666
55 6900.502930 7356.734863
56 4795.673340 2233.280518
57 8079.309082 4109.498535
58 3482.959229 3373.808350
59 4528.938965 4322.455566
60 4760.383789 2411.044678
61 2343.402344 7558.979004
62 2410.417236 7558.979004
63 2334.507568 7043.025391
64 3295.317627 7001.039062
65 3316.564453 2310.166504
66 4327.909668 1870.791748
67 4344.663574 1870.791748
68 4404.062988 1870.791748
69 4553.323242 1870.791748
70 4729.998535 1870.791748
71 4749.798340 1870.791748
72 1545.255615 5438.810059
73 4887.026855 3231.083496
74 8320.867188 7039.816895
75 3256.631836 3234.515137
76 4585.322754 4441.495117
77 4503.077148 4441.495117
78 4312.694336 4441.495117
79 4212.171875 4441.495117
80 4126.880371 4441.495117
81 4894.504883 3883.541016
82 7457.334961 6031.775391
83 3312.010498 3764.989746
84 4879.274414 3325.614990
85 8970.880859 6991.289062
86 9575.049805 6698.363281
87 4874.705078 2767.675049
88 1974.775024 6335.692871
89 792.937866 6781.875000
90 5124.487793 2209.734863
91 5193.025391 2209.734863
92 4543.910645 3384.897461
93 5463.156250 6855.315430
94 4416.277832 4780.437988
95 4603.614746 4780.437988
96 4746.782715 4780.437988
97 4833.597656 4780.437988
98 4970.673340 4780.437988
99 4485.181152 6272.881348
100 4694.831055 1616.615845
101 4468.381836 3374.882324
102 5213.312988 6409.314941
103 5121.487305 5666.176270
104 4754.337402 2311.115234
105 4213.679688 4103.933105
106 4207.587402 4103.933105
107 4149.710938 4103.933105
108 4104.019043 4103.933105
109 3889.267090 4103.933105
110 2766.844727 8794.833008
111 7127.439453 7358.018066
112 4699.644043 8355.458984
113 4879.502930 1564.600586
114 5414.205078 3375.091553
115 8942.048828 6779.057129
116 7206.638672 7358.129883
117 7127.439453 7358.129883
118 7215.777344 7358.129883
119 6915.733398 7358.129883
120 7077.178223 7358.129883
121 7049.763184 7358.129883
122 6879.179688 7358.129883
123 6793.888184 7358.129883
124 6868.518555 7358.129883
125 3654.730469 3884.419922
126 3445.232910 1530.230591
127 6628.117676 1470.585327
128 7463.366699 1680.111084
129 2325.125488 7560.374023
130 2360.156006 7560.374023
131 3436.886475 2311.561523
132 3458.209473 2311.561523
133 4375.124512 1872.186646
134 3873.655762 3598.566162
135 4567.350586 4372.936523
136 3414.680176 4522.830566
137 4397.985840 4442.890137
138 4295.940430 4442.890137
139 4043.111816 4442.890137
140 3936.497314 4442.890137
141 5223.304199 6312.370605
142 3669.930664 3766.384766
143 5118.395508 3327.009766
144 9713.648438 6699.757812
145 9693.848633 6699.757812
146 4514.104492 4261.443359
147 6096.614258 1370.167603
148 5121.517578 7459.956543
149 4985.964844 7459.956543
150 4399.600586 3333.914551
151 4304.804688 3724.496338
152 5748.030273 4303.596680
153 9034.697266 6748.760254
154 3344.071045 7341.391113
155 3313.609619 7341.391113
156 7046.701660 6462.627441
157 2748.476562 1534.415283
158 6070.386719 6344.076172
159 4445.216309 4781.833008
160 4503.092773 4781.833008
161 4725.459961 4781.833008
162 4778.767090 4781.833008
163 4537.635742 4139.795410
164 7276.456055 3968.921875
165 4970.673340 4223.893066
166 5072.718750 4223.893066
167 6699.610352 7603.420410
168 6712.815430 7530.216797
169 4152.757324 4105.327637
170 4858.636719 2089.426025
171 5230.036133 6292.144531
172 7147.239258 7359.524414
173 7075.822754 7383.935059
174 6932.487305 7359.524414
175 6836.534180 7359.524414
176 5335.767090 5155.257812
177 6674.784668 7429.533691
178 2334.507568 7045.787109
179 4523.471191 2291.865723
180 4603.584473 1873.581543
181 4708.675781 1873.581543
182 4986.391602 3959.325195
183 9762.371094 5246.315918
184 5220.821289 6833.108887
185 3786.170898 5176.599609
186 5047.786133 6704.402832
187 4292.041504 4542.066406
188 7357.346191 1761.976807
189 3535.048096 3307.313965
190 3313.533447 3767.779541
191 3391.209717 3767.779541
192 3397.302002 3767.779541
193 3758.268311 3767.779541
194 3434.190674 3258.562744
195 9783.709961 6701.152832
196 4190.468262 1706.572021
197 4073.009521 1902.009277
198 4876.243164 4783.228027
199 4568.614746 6226.864258
200 3828.344482 4106.722656
201 4710.305664 8358.248047
202 5199.833496 6324.715332
203 4829.348145 2261.736328
204 5156.182617 4504.139160
205 3567.976562 8239.682617
206 2250.754395 688.794189
207 6854.719238 866.488586
208 2280.956787 7563.164062
209 2369.294434 7563.164062
210 5244.718262 1857.247437
211 3484.147217 3329.339355
212 4433.000977 1874.976440
213 4513.723633 1874.976440
214 4530.903809 3604.745361
215 7920.194336 769.069824
216 3356.514404 3817.758301
217 4565.522949 4445.679688
218 4483.277344 4445.679688
219 4192.372070 4445.679688
220 4108.603516 4445.679688
221 2023.299805 7532.309082
222 7220.270020 1763.371704
223 5776.389648 6447.493164
224 3371.409912 3769.174316
225 4500.548828 4299.425781
226 5228.056152 3329.799561
227 5001.698242 5303.659668
228 3433.261475 3340.191406
229 9133.331055 6026.042480
230 8853.086914 6026.042480
231 4179.334961 1753.607544
232 5583.006348 6346.866211
233 5793.188965 6346.866211
234 4504.615723 4784.622559
235 4583.814941 4784.622559
236 4707.183105 4784.622559
237 5013.319336 4784.622559
238 5135.392578 3023.064453
239 6376.461914 4226.654785
240 6857.811035 5230.972168
241 4140.572754 4108.117676
242 3968.466553 4108.117676
243 3781.129639 4108.117676
244 6530.306641 1983.763550
245 9995.430664 7041.504883
246 9872.062500 7041.504883
247 9987.815430 7041.504883
248 10000.000000 7041.504883
249 4024.819824 3550.177490
250 2053.593506 7508.791504